function mpc = modified_ieeebus39case
mpc.version = '2';
mpc.baseMVA = 100.0;

%% bus data
% bus_i type Pd[MW] Qd[MVAr] Gs Bs area Vm[pu] Va[deg] baseKV zone Vmax[pu] Vmin[pu]
mpc.bus = [
    1.0   1.0   97.6   44.2   0.0   0.0   1.0   1.047   -8.439   345.0   1.0   1.06   0.94;
    2.0   1.0   0.0   0.0   0.0   0.0   1.0   1.049   -5.754   345.0   1.0   1.06   0.94;
    3.0   1.0   322.0   2.4   0.0   0.0   1.0   1.03   -8.599   345.0   1.0   1.06   0.94;
    4.0   1.0   500.0   184.0   0.0   0.0   1.0   1.004   -9.607   345.0   1.0   1.06   0.94;
    5.0   1.0   0.0   0.0   0.0   0.0   1.0   1.005   -8.612   345.0   1.0   1.06   0.94;
    6.0   1.0   0.0   0.0   0.0   0.0   1.0   1.008   -7.95   345.0   1.0   1.06   0.94;
    7.0   1.0   233.8   84.0   0.0   0.0   1.0   0.997   -10.124   345.0   1.0   1.06   0.94;
    8.0   1.0   522.0   176.0   0.0   0.0   1.0   0.996   -10.615   345.0   1.0   1.06   0.94;
    9.0   1.0   6.5   -66.6   0.0   0.0   1.0   1.028   -10.322   345.0   1.0   1.06   0.94;
    10.0   1.0   0.0   0.0   0.0   0.0   1.0   1.017   -5.427   345.0   1.0   1.06   0.94;
    11.0   1.0   0.0   0.0   0.0   0.0   1.0   1.013   -6.284   345.0   1.0   1.06   0.94;
    12.0   1.0   7.5   88.0   0.0   0.0   1.0   1.0   -6.244   138.0   1.0   1.06   0.94;
    13.0   1.0   0.0   0.0   0.0   0.0   1.0   1.014   -6.098   345.0   1.0   1.06   0.94;
    14.0   1.0   0.0   0.0   0.0   0.0   1.0   1.012   -7.656   345.0   1.0   1.06   0.94;
    15.0   1.0   320.0   153.0   0.0   0.0   1.0   1.015   -7.736   345.0   1.0   1.06   0.94;
    16.0   1.0   329.0   32.3   0.0   0.0   1.0   1.032   -6.188   345.0   1.0   1.06   0.94;
    17.0   1.0   0.0   0.0   0.0   0.0   1.0   1.034   -7.301   345.0   1.0   1.06   0.94;
    18.0   1.0   158.0   30.0   0.0   0.0   1.0   1.031   -8.224   345.0   1.0   1.06   0.94;
    19.0   1.0   0.0   0.0   0.0   0.0   1.0   1.05   -1.023   345.0   1.0   1.06   0.94;
    20.0   1.0   628.0   103.0   0.0   0.0   1.0   0.991   -2.015   230.0   1.0   1.06   0.94;
    21.0   1.0   274.0   115.0   0.0   0.0   1.0   1.032   -3.781   345.0   1.0   1.06   0.94;
    22.0   1.0   0.0   0.0   0.0   0.0   1.0   1.05   0.668   345.0   1.0   1.06   0.94;
    23.0   1.0   247.5   84.6   0.0   0.0   1.0   1.045   0.47   345.0   1.0   1.06   0.94;
    24.0   1.0   308.6   -92.2   0.0   0.0   1.0   1.037   -6.068   345.0   1.0   1.06   0.94;
    25.0   1.0   224.0   47.2   0.0   0.0   1.0   1.058   -4.363   345.0   1.0   1.06   0.94;
    26.0   1.0   139.0   17.0   0.0   0.0   1.0   1.052   -5.527   345.0   1.0   1.06   0.94;
    27.0   1.0   281.0   75.5   0.0   0.0   1.0   1.038   -7.495   345.0   1.0   1.06   0.94;
    28.0   1.0   206.0   27.6   0.0   0.0   1.0   1.05   -2.015   345.0   1.0   1.06   0.94;
    29.0   1.0   283.5   26.9   0.0   0.0   1.0   1.05   0.744   345.0   1.0   1.06   0.94;
    30.0   2.0   20.0   10.0   0.0   0.0   1.0   1.048   -3.334   16.5   1.0   1.06   0.94;
    31.0   2.0   9.2   4.6   0.0   0.0   1.0   0.982   0.0   16.5   1.0   1.06   0.94;
    32.0   2.0   0.0   0.0   0.0   0.0   1.0   0.983   2.569   16.5   1.0   1.06   0.94;
    33.0   2.0   0.0   0.0   0.0   0.0   1.0   0.997   4.195   16.5   1.0   1.06   0.94;
    34.0   2.0   0.0   0.0   0.0   0.0   1.0   1.012   3.175   16.5   1.0   1.06   0.94;
    35.0   2.0   20.0   10.0   0.0   0.0   1.0   1.049   5.63   16.5   1.0   1.06   0.94;
    36.0   2.0   0.0   0.0   0.0   0.0   1.0   1.06   8.323   16.5   1.0   1.06   0.94;
    37.0   2.0   0.0   0.0   0.0   0.0   1.0   1.028   2.421   16.5   1.0   1.06   0.94;
    38.0   2.0   0.0   0.0   0.0   0.0   1.0   1.026   7.808   16.5   1.0   1.06   0.94;
    39.0   3.0   0.0   0.0   0.0   0.0   1.0   1.03   0.0   345.0   1.0   1.06   0.94;
];

%% generator data
% bus Pg[MW] Qg[MVAr] Qmax[MVAr] Qmin[MVAr] Vg[pu] mBase[MVA] status Pmax[MW] Pmin[MW]
mpc.gen = [
    30.0   250.0   146.16   400.0   140.0   1.048   1000.0   1.0   840.0   0.0;
    31.0   520.8   198.25   300.0   -100.0   0.982   1000.0   1.0   646.0   0.0;
    32.0   650.0   205.14   300.0   150.0   0.983   1000.0   1.0   725.0   0.0;
    33.0   632.0   109.91   250.0   0.0   0.997   1000.0   1.0   652.0   0.0;
    34.0   508.0   165.76   167.0   0.0   1.012   600.0   1.0   508.0   0.0;
    35.0   650.0   212.41   300.0   -100.0   1.049   1000.0   1.0   687.0   0.0;
    36.0   560.0   101.18   240.0   0.0   1.06   1000.0   1.0   580.0   0.0;
    37.0   540.0   0.44   250.0   0.0   1.028   1000.0   1.0   564.0   0.0;
    38.0   830.0   22.84   300.0   -150.0   1.026   1000.0   1.0   865.0   0.0;
    39.0   1000.0   88.28   300.0   -100.0   1.03   10000.0   1.0   11000.0   0.0;
];

%% branch data
% fbus tbus r[pu] x[pu] b[pu] rateA[MVA] rateB[MVA] rateC[MVA] tap angle[deg] status angmin[deg] angmax[deg]
